

 "Fun1"
-1.470 1.293 
-1.440 1.275 
-1.410 1.257 
-1.380 1.240 
-1.350 1.221 
-1.320 1.203 
-1.290 1.185 
-1.260 1.167 
-1.230 1.148 
-1.200 1.129 
-1.170 1.110 
-1.140 1.091 
-1.110 1.072 
-1.080 1.053 
-1.050 1.033 
-1.020 1.013 
-0.990 0.993 
-0.960 0.973 
-0.930 0.953 
-0.900 0.932 
-0.870 0.911 
-0.840 0.890 
-0.810 0.869 
-0.780 0.847 
-0.750 0.825 
-0.720 0.803 
-0.690 0.781 
-0.660 0.758 
-0.630 0.735 
-0.600 0.711 
-0.570 0.687 
-0.540 0.663 
-0.510 0.638 
-0.480 0.613 
-0.450 0.587 
-0.420 0.561 
-0.390 0.534 
-0.360 0.506 
-0.330 0.478 
-0.300 0.448 
-0.270 0.418 
-0.242 0.388 
-0.214 0.358 
-0.188 0.328 
-0.163 0.298 
-0.139 0.269 
-0.117 0.239 
-0.096 0.209 
-0.076 0.180 
-0.059 0.151 
-0.043 0.123 
-0.030 0.096 
-0.020 0.073 
0.010 0.047 
0.023 0.081 
0.038 0.113 
0.055 0.144 
0.073 0.175 
0.093 0.205 
0.114 0.236 
0.137 0.266 
0.161 0.296 
0.186 0.326 
0.213 0.356 
0.240 0.386 
0.269 0.417 
0.298 0.447 
0.328 0.476 
0.358 0.505 
0.388 0.532 
0.418 0.559 
0.448 0.586 
0.478 0.612 
0.508 0.637 
0.538 0.662 
0.568 0.686 
0.598 0.710 
0.628 0.734 
0.658 0.757 
0.688 0.780 
0.718 0.802 
0.748 0.824 
0.778 0.846 
0.808 0.868 
0.838 0.889 
0.868 0.910 
0.898 0.931 
0.928 0.952 
0.958 0.972 
0.988 0.992 
1.018 1.012 
1.048 1.032 
1.078 1.052 
1.108 1.071 
1.138 1.090 
1.168 1.109 
1.198 1.128 
1.228 1.147 
1.258 1.166 
1.288 1.184 
1.318 1.202 
1.348 1.221 
1.378 1.239 
1.408 1.256 
1.438 1.274 
1.468 1.292 
1.498 1.309 
1.528 1.327 
1.500 1.310 
